(kicad_pcb (version 20171130) (host pcbnew 5.0.0-fee4fd1~66~ubuntu18.04.1)

  (general
    (thickness 1.6)
    (drawings 13)
    (tracks 351)
    (zones 0)
    (modules 46)
    (nets 50)
  )

  (page A4)
  (layers
    (0 F.Cu signal)
    (31 B.Cu signal hide)
    (32 B.Adhes user)
    (33 F.Adhes user)
    (34 B.Paste user)
    (35 F.Paste user)
    (36 B.SilkS user hide)
    (37 F.SilkS user)
    (38 B.Mask user)
    (39 F.Mask user)
    (40 Dwgs.User user)
    (41 Cmts.User user)
    (42 Eco1.User user)
    (43 Eco2.User user)
    (44 Edge.Cuts user)
    (45 Margin user)
    (46 B.CrtYd user)
    (47 F.CrtYd user)
    (48 B.Fab user)
    (49 F.Fab user)
  )

  (setup
    (last_trace_width 0.1524)
    (user_trace_width 0.1524)
    (user_trace_width 0.254)
    (trace_clearance 0.1524)
    (zone_clearance 0.508)
    (zone_45_only no)
    (trace_min 0.1524)
    (segment_width 0.2)
    (edge_width 0.15)
    (via_size 0.6096)
    (via_drill 0.3048)
    (via_min_size 0.4)
    (via_min_drill 0.3)
    (uvia_size 0.3)
    (uvia_drill 0.1)
    (uvias_allowed no)
    (uvia_min_size 0.2)
    (uvia_min_drill 0.1)
    (pcb_text_width 0.3)
    (pcb_text_size 1.5 1.5)
    (mod_edge_width 0.15)
    (mod_text_size 1 1)
    (mod_text_width 0.15)
    (pad_size 1.524 1.524)
    (pad_drill 0.762)
    (pad_to_mask_clearance 0.2)
    (aux_axis_origin 0 0)
    (visible_elements FFFFFF7F)
    (pcbplotparams
      (layerselection 0x010fc_ffffffff)
      (usegerberextensions false)
      (usegerberattributes false)
      (usegerberadvancedattributes false)
      (creategerberjobfile false)
      (excludeedgelayer true)
      (linewidth 0.100000)
      (plotframeref false)
      (viasonmask false)
      (mode 1)
      (useauxorigin false)
      (hpglpennumber 1)
      (hpglpenspeed 20)
      (hpglpendiameter 15.000000)
      (psnegative false)
      (psa4output false)
      (plotreference true)
      (plotvalue true)
      (plotinvisibletext false)
      (padsonsilk false)
      (subtractmaskfromsilk false)
      (outputformat 1)
      (mirror false)
      (drillshape 1)
      (scaleselection 1)
      (outputdirectory ""))
  )

  (net 0 "")
  (net 1 VCC)
  (net 2 GND)
  (net 3 "Net-(C2-Pad1)")
  (net 4 /12V_Fused)
  (net 5 "Net-(C5-Pad2)")
  (net 6 "Net-(C5-Pad1)")
  (net 7 "Net-(C6-Pad1)")
  (net 8 "Net-(C11-Pad1)")
  (net 9 "Net-(C8-Pad1)")
  (net 10 "Net-(D1-Pad2)")
  (net 11 "Net-(D2-Pad2)")
  (net 12 "Net-(D4-Pad2)")
  (net 13 "Net-(D5-Pad2)")
  (net 14 "Net-(D6-Pad2)")
  (net 15 +12V)
  (net 16 /MISO)
  (net 17 /MOSI)
  (net 18 "Net-(IC1-Pad3)")
  (net 19 /TXCAN)
  (net 20 /RXCAN)
  (net 21 "Net-(IC1-Pad8)")
  (net 22 "Net-(IC1-Pad9)")
  (net 23 /SCK)
  (net 24 /P_LED_1)
  (net 25 /P_LED_2)
  (net 26 /P_LED_3)
  (net 27 "Net-(IC1-Pad18)")
  (net 28 "Net-(IC1-Pad21)")
  (net 29 /LED_Driver3)
  (net 30 /LED_Driver2)
  (net 31 /LED_Driver1)
  (net 32 /B1_In)
  (net 33 /B2_In)
  (net 34 /B3_In)
  (net 35 /B4_In)
  (net 36 "Net-(IC1-Pad30)")
  (net 37 /RESET)
  (net 38 "Net-(IC1-Pad32)")
  (net 39 /LED3_Out)
  (net 40 /LED2_Out)
  (net 41 /LED1_Out)
  (net 42 /CANH)
  (net 43 /CANL)
  (net 44 "Net-(R17-Pad1)")
  (net 45 "Net-(R18-Pad1)")
  (net 46 "Net-(U1-Pad5)")
  (net 47 "Net-(IC1-Pad29)")
  (net 48 "Net-(IC1-Pad22)")
  (net 49 "Net-(IC1-Pad23)")

  (net_class Default "This is the default net class."
    (clearance 0.1524)
    (trace_width 0.1524)
    (via_dia 0.6096)
    (via_drill 0.3048)
    (uvia_dia 0.3)
    (uvia_drill 0.1)
    (add_net +12V)
    (add_net /12V_Fused)
    (add_net /B1_In)
    (add_net /B2_In)
    (add_net /B3_In)
    (add_net /B4_In)
    (add_net /CANH)
    (add_net /CANL)
    (add_net /LED1_Out)
    (add_net /LED2_Out)
    (add_net /LED3_Out)
    (add_net /LED_Driver1)
    (add_net /LED_Driver2)
    (add_net /LED_Driver3)
    (add_net /MISO)
    (add_net /MOSI)
    (add_net /P_LED_1)
    (add_net /P_LED_2)
    (add_net /P_LED_3)
    (add_net /RESET)
    (add_net /RXCAN)
    (add_net /SCK)
    (add_net /TXCAN)
    (add_net GND)
    (add_net "Net-(C11-Pad1)")
    (add_net "Net-(C2-Pad1)")
    (add_net "Net-(C5-Pad1)")
    (add_net "Net-(C5-Pad2)")
    (add_net "Net-(C6-Pad1)")
    (add_net "Net-(C8-Pad1)")
    (add_net "Net-(D1-Pad2)")
    (add_net "Net-(D2-Pad2)")
    (add_net "Net-(D4-Pad2)")
    (add_net "Net-(D5-Pad2)")
    (add_net "Net-(D6-Pad2)")
    (add_net "Net-(IC1-Pad18)")
    (add_net "Net-(IC1-Pad21)")
    (add_net "Net-(IC1-Pad22)")
    (add_net "Net-(IC1-Pad23)")
    (add_net "Net-(IC1-Pad29)")
    (add_net "Net-(IC1-Pad3)")
    (add_net "Net-(IC1-Pad30)")
    (add_net "Net-(IC1-Pad32)")
    (add_net "Net-(IC1-Pad8)")
    (add_net "Net-(IC1-Pad9)")
    (add_net "Net-(R17-Pad1)")
    (add_net "Net-(R18-Pad1)")
    (add_net "Net-(U1-Pad5)")
    (add_net VCC)
  )

  (module footprints:SOT-23-6_OEM (layer F.Cu) (tedit 5C00C51A) (tstamp 5C0CE371)
    (at 70.0024 31.9532 180)
    (descr "6-pin SOT-23 package")
    (tags SOT-23-6)
    (path /59E04993)
    (attr smd)
    (fp_text reference U2 (at -1.143 -2.3368) (layer F.SilkS)
      (effects (font (size 0.762 0.762) (thickness 0.127)))
    )
    (fp_text value TPS561201 (at 0 2.9 180) (layer F.Fab) hide
      (effects (font (size 1 1) (thickness 0.15)))
    )
    (fp_line (start -0.9 1.61) (end 0.9 1.61) (layer F.SilkS) (width 0.12))
    (fp_line (start 0.9 -1.61) (end -1.55 -1.61) (layer F.SilkS) (width 0.12))
    (fp_line (start 1.9 -1.8) (end -1.9 -1.8) (layer F.CrtYd) (width 0.05))
    (fp_line (start 1.9 1.8) (end 1.9 -1.8) (layer F.CrtYd) (width 0.05))
    (fp_line (start -1.9 1.8) (end 1.9 1.8) (layer F.CrtYd) (width 0.05))
    (fp_line (start -1.9 -1.8) (end -1.9 1.8) (layer F.CrtYd) (width 0.05))
    (fp_line (start -0.9 -0.9) (end -0.25 -1.55) (layer F.Fab) (width 0.1))
    (fp_line (start 0.9 -1.55) (end -0.25 -1.55) (layer F.Fab) (width 0.1))
    (fp_line (start -0.9 -0.9) (end -0.9 1.55) (layer F.Fab) (width 0.1))
    (fp_line (start 0.9 1.55) (end -0.9 1.55) (layer F.Fab) (width 0.1))
    (fp_line (start 0.9 -1.55) (end 0.9 1.55) (layer F.Fab) (width 0.1))
    (pad 1 smd rect (at -1.1 -0.95 180) (size 1.06 0.65) (layers F.Cu F.Paste F.Mask)
      (net 2 GND))
    (pad 2 smd rect (at -1.1 0 180) (size 1.06 0.65) (layers F.Cu F.Paste F.Mask)
      (net 5 "Net-(C5-Pad2)"))
    (pad 3 smd rect (at -1.1 0.95 180) (size 1.06 0.65) (layers F.Cu F.Paste F.Mask)
      (net 4 /12V_Fused))
    (pad 4 smd rect (at 1.1 0.95 180) (size 1.06 0.65) (layers F.Cu F.Paste F.Mask)
      (net 45 "Net-(R18-Pad1)"))
    (pad 6 smd rect (at 1.1 -0.95 180) (size 1.06 0.65) (layers F.Cu F.Paste F.Mask)
      (net 6 "Net-(C5-Pad1)"))
    (pad 5 smd rect (at 1.1 0 180) (size 1.06 0.65) (layers F.Cu F.Paste F.Mask)
      (net 44 "Net-(R17-Pad1)"))
    (model ${KISYS3DMOD}/TO_SOT_Packages_SMD.3dshapes/SOT-23-6.wrl
      (at (xyz 0 0 0))
      (scale (xyz 1 1 1))
      (rotate (xyz 0 0 0))
    )
  )

  (module footprints:R_0805_OEM (layer F.Cu) (tedit 5C05E357) (tstamp 5C0B866B)
    (at 43.7642 42.6466 270)
    (descr "Resistor SMD 0805, reflow soldering, Vishay (see dcrcw.pdf)")
    (tags "resistor 0805")
    (path /5BF1A441)
    (attr smd)
    (fp_text reference R10 (at 0 -2.1336) (layer F.SilkS)
      (effects (font (size 0.8128 0.8128) (thickness 0.127)))
    )
    (fp_text value R_1M (at 0 1.75 270) (layer F.Fab) hide
      (effects (font (size 1 1) (thickness 0.15)))
    )
    (fp_line (start 1.55 0.9) (end -1.55 0.9) (layer F.CrtYd) (width 0.05))
    (fp_line (start 1.55 0.9) (end 1.55 -0.9) (layer F.CrtYd) (width 0.05))
    (fp_line (start -1.55 -0.9) (end -1.55 0.9) (layer F.CrtYd) (width 0.05))
    (fp_line (start -1.55 -0.9) (end 1.55 -0.9) (layer F.CrtYd) (width 0.05))
    (fp_line (start -0.6 -0.88) (end 0.6 -0.88) (layer F.SilkS) (width 0.12))
    (fp_line (start 0.6 0.88) (end -0.6 0.88) (layer F.SilkS) (width 0.12))
    (fp_line (start -1 -0.62) (end 1 -0.62) (layer F.Fab) (width 0.1))
    (fp_line (start 1 -0.62) (end 1 0.62) (layer F.Fab) (width 0.1))
    (fp_line (start 1 0.62) (end -1 0.62) (layer F.Fab) (width 0.1))
    (fp_line (start -1 0.62) (end -1 -0.62) (layer F.Fab) (width 0.1))
    (pad 2 smd rect (at 0.95 0 270) (size 0.7 1.3) (layers F.Cu F.Paste F.Mask)
      (net 2 GND))
    (pad 1 smd rect (at -0.95 0 270) (size 0.7 1.3) (layers F.Cu F.Paste F.Mask)
      (net 34 /B3_In))
    (model "/home/josh/Formula/OEM_Preferred_Parts/3DModels/WRL Files/res0805.wrl"
      (at (xyz 0 0 0))
      (scale (xyz 1 1 1))
      (rotate (xyz 0 0 0))
    )
  )

  (module Connector_Molex:Molex_Nano-Fit_105314-xx04_2x02_P2.50mm_Horizontal (layer F.Cu) (tedit 5C0088C1) (tstamp 5C0CBD36)
    (at 79.629 38.5445 90)
    (descr "Molex Nano-Fit Power Connectors, 105314-xx04, 2 Pins per row (http://www.molex.com/pdm_docs/sd/1053141208_sd.pdf), generated with kicad-footprint-generator")
    (tags "connector Molex Nano-Fit top entry")
    (path /5C01823F)
    (fp_text reference J3 (at 12.6365 5.461 90) (layer F.SilkS)
      (effects (font (size 1 1) (thickness 0.15)))
    )
    (fp_text value NF_F_RA_2x02 (at 8.65 5.42 90) (layer F.Fab) hide
      (effects (font (size 1 1) (thickness 0.15)))
    )
    (fp_line (start 4.42 -1.72) (end 4.42 4.22) (layer F.Fab) (width 0.1))
    (fp_line (start 4.42 4.22) (end 12.88 4.22) (layer F.Fab) (width 0.1))
    (fp_line (start 12.88 4.22) (end 12.88 -1.72) (layer F.Fab) (width 0.1))
    (fp_line (start 12.88 -1.72) (end 4.42 -1.72) (layer F.Fab) (width 0.1))
    (fp_line (start 4.31 -1.83) (end 4.31 4.33) (layer F.SilkS) (width 0.12))
    (fp_line (start 4.31 4.33) (end 12.99 4.33) (layer F.SilkS) (width 0.12))
    (fp_line (start 12.99 4.33) (end 12.99 -1.83) (layer F.SilkS) (width 0.12))
    (fp_line (start 12.99 -1.83) (end 4.31 -1.83) (layer F.SilkS) (width 0.12))
    (fp_line (start 4.31 0.15) (end 4.31 -0.15) (layer F.SilkS) (width 0.12))
    (fp_line (start 4.31 -0.15) (end 3.61 -0.15) (layer F.SilkS) (width 0.12))
    (fp_line (start 3.61 -0.15) (end 3.61 0.15) (layer F.SilkS) (width 0.12))
    (fp_line (start 3.61 0.15) (end 4.31 0.15) (layer F.SilkS) (width 0.12))
    (fp_line (start 4.31 2.65) (end 4.31 2.35) (layer F.SilkS) (width 0.12))
    (fp_line (start 4.31 2.35) (end 3.61 2.35) (layer F.SilkS) (width 0.12))
    (fp_line (start 3.61 2.35) (end 3.61 2.65) (layer F.SilkS) (width 0.12))
    (fp_line (start 3.61 2.65) (end 4.31 2.65) (layer F.SilkS) (width 0.12))
    (fp_line (start 0 -1.11) (end 0.3 -1.534264) (layer F.SilkS) (width 0.12))
    (fp_line (start 0.3 -1.534264) (end -0.3 -1.534264) (layer F.SilkS) (width 0.12))
    (fp_line (start -0.3 -1.534264) (end 0 -1.11) (layer F.SilkS) (width 0.12))
    (fp_line (start 0 -1.11) (end 0.3 -1.534264) (layer F.Fab) (width 0.1))
    (fp_line (start 0.3 -1.534264) (end -0.3 -1.534264) (layer F.Fab) (width 0.1))
    (fp_line (start -0.3 -1.534264) (end 0 -1.11) (layer F.Fab) (width 0.1))
    (fp_line (start -1.35 -2.22) (end -1.35 4.72) (layer F.CrtYd) (width 0.05))
    (fp_line (start -1.35 4.72) (end 13.38 4.72) (layer F.CrtYd) (width 0.05))
    (fp_line (start 13.38 4.72) (end 13.38 -2.22) (layer F.CrtYd) (width 0.05))
    (fp_line (start 13.38 -2.22) (end -1.35 -2.22) (layer F.CrtYd) (width 0.05))
    (fp_text user %R (at 8.65 3.52 90) (layer F.Fab)
      (effects (font (size 1 1) (thickness 0.15)))
    )
    (pad 1 thru_hole rect (at 0 0 90) (size 1.7 1.7) (drill 1.2) (layers *.Cu *.Mask)
      (net 42 /CANH))
    (pad 2 thru_hole circle (at 0 2.5 90) (size 1.7 1.7) (drill 1.2) (layers *.Cu *.Mask)
      (net 43 /CANL))
    (pad 3 thru_hole circle (at 2.5 0 90) (size 1.7 1.7) (drill 1.2) (layers *.Cu *.Mask)
      (net 15 +12V))
    (pad 4 thru_hole circle (at 2.5 2.5 90) (size 1.7 1.7) (drill 1.2) (layers *.Cu *.Mask)
      (net 2 GND))
    (pad "" np_thru_hole circle (at 9.68 0 90) (size 1.7 1.7) (drill 1.7) (layers *.Cu *.Mask))
    (pad "" np_thru_hole circle (at 9.68 2.5 90) (size 1.7 1.7) (drill 1.7) (layers *.Cu *.Mask))
    (model ${KISYS3DMOD}/Connector_Molex.3dshapes/Molex_Nano-Fit_105314-xx04_2x02_P2.50mm_Horizontal.wrl
      (at (xyz 0 0 0))
      (scale (xyz 1 1 1))
      (rotate (xyz 0 0 0))
    )
  )

  (module footprints:TQFP-32_7x7mm_Pitch0.8mm (layer F.Cu) (tedit 5C05E442) (tstamp 5C0CFB9A)
    (at 50.1904 36.6268 180)
    (descr "32-Lead Plastic Thin Quad Flatpack (PT) - 7x7x1.0 mm Body, 2.00 mm [TQFP] (see Microchip Packaging Specification 00000049BS.pdf)")
    (tags "QFP 0.8")
    (path /59E10948)
    (attr smd)
    (fp_text reference IC1 (at -4.2672 -6.0706 180) (layer F.SilkS)
      (effects (font (size 0.8128 0.8128) (thickness 0.127)))
    )
    (fp_text value ATMEGA16M1 (at 0 6.05 180) (layer F.Fab) hide
      (effects (font (size 1 1) (thickness 0.15)))
    )
    (fp_circle (center -2.667 -2.6416) (end -2.667 -2.6924) (layer F.SilkS) (width 0.5))
    (fp_circle (center -4.2164 -4.394201) (end -4.2164 -4.445001) (layer F.SilkS) (width 0.5))
    (fp_text user %R (at 0 0 270) (layer F.Fab)
      (effects (font (size 1 1) (thickness 0.15)))
    )
    (fp_line (start -2.5 -3.5) (end 3.5 -3.5) (layer F.Fab) (width 0.15))
    (fp_line (start 3.5 -3.5) (end 3.5 3.5) (layer F.Fab) (width 0.15))
    (fp_line (start 3.5 3.5) (end -3.5 3.5) (layer F.Fab) (width 0.15))
    (fp_line (start -3.5 3.5) (end -3.5 -2.5) (layer F.Fab) (width 0.15))
    (fp_line (start -3.5 -2.5) (end -2.5 -3.5) (layer F.Fab) (width 0.15))
    (fp_line (start -5.3 -5.3) (end -5.3 5.3) (layer F.CrtYd) (width 0.05))
    (fp_line (start 5.3 -5.3) (end 5.3 5.3) (layer F.CrtYd) (width 0.05))
    (fp_line (start -5.3 -5.3) (end 5.3 -5.3) (layer F.CrtYd) (width 0.05))
    (fp_line (start -5.3 5.3) (end 5.3 5.3) (layer F.CrtYd) (width 0.05))
    (fp_line (start -3.625 -3.625) (end -3.625 -3.4) (layer F.SilkS) (width 0.15))
    (fp_line (start 3.625 -3.625) (end 3.625 -3.299999) (layer F.SilkS) (width 0.15))
    (fp_line (start 3.625 3.625) (end 3.625 3.299999) (layer F.SilkS) (width 0.15))
    (fp_line (start -3.625 3.625) (end -3.625 3.299999) (layer F.SilkS) (width 0.15))
    (fp_line (start -3.625 -3.625) (end -3.299999 -3.625) (layer F.SilkS) (width 0.15))
    (fp_line (start -3.625 3.625) (end -3.299999 3.625) (layer F.SilkS) (width 0.15))
    (fp_line (start 3.625 3.625) (end 3.299999 3.625) (layer F.SilkS) (width 0.15))
    (fp_line (start 3.625 -3.625) (end 3.299999 -3.625) (layer F.SilkS) (width 0.15))
    (fp_line (start -3.625 -3.4) (end -5.05 -3.4) (layer F.SilkS) (width 0.15))
    (pad 1 smd rect (at -4.25 -2.8 180) (size 1.6 0.55) (layers F.Cu F.Paste F.Mask)
      (net 16 /MISO))
    (pad 2 smd rect (at -4.25 -2 180) (size 1.6 0.55) (layers F.Cu F.Paste F.Mask)
      (net 17 /MOSI))
    (pad 3 smd rect (at -4.25 -1.2 180) (size 1.6 0.55) (layers F.Cu F.Paste F.Mask)
      (net 18 "Net-(IC1-Pad3)"))
    (pad 4 smd rect (at -4.25 -0.4 180) (size 1.6 0.55) (layers F.Cu F.Paste F.Mask)
      (net 1 VCC))
    (pad 5 smd rect (at -4.25 0.4 180) (size 1.6 0.55) (layers F.Cu F.Paste F.Mask)
      (net 2 GND))
    (pad 6 smd rect (at -4.25 1.2 180) (size 1.6 0.55) (layers F.Cu F.Paste F.Mask)
      (net 19 /TXCAN))
    (pad 7 smd rect (at -4.25 2 180) (size 1.6 0.55) (layers F.Cu F.Paste F.Mask)
      (net 20 /RXCAN))
    (pad 8 smd rect (at -4.25 2.8 180) (size 1.6 0.55) (layers F.Cu F.Paste F.Mask)
      (net 21 "Net-(IC1-Pad8)"))
    (pad 9 smd rect (at -2.8 4.25 270) (size 1.6 0.55) (layers F.Cu F.Paste F.Mask)
      (net 22 "Net-(IC1-Pad9)"))
    (pad 10 smd rect (at -2 4.25 270) (size 1.6 0.55) (layers F.Cu F.Paste F.Mask)
      (net 9 "Net-(C8-Pad1)"))
    (pad 11 smd rect (at -1.2 4.25 270) (size 1.6 0.55) (layers F.Cu F.Paste F.Mask)
      (net 7 "Net-(C6-Pad1)"))
    (pad 12 smd rect (at -0.4 4.25 270) (size 1.6 0.55) (layers F.Cu F.Paste F.Mask)
      (net 23 /SCK))
    (pad 13 smd rect (at 0.4 4.25 270) (size 1.6 0.55) (layers F.Cu F.Paste F.Mask)
      (net 24 /P_LED_1))
    (pad 14 smd rect (at 1.2 4.25 270) (size 1.6 0.55) (layers F.Cu F.Paste F.Mask)
      (net 25 /P_LED_2))
    (pad 15 smd rect (at 2 4.25 270) (size 1.6 0.55) (layers F.Cu F.Paste F.Mask)
      (net 26 /P_LED_3))
    (pad 16 smd rect (at 2.8 4.25 270) (size 1.6 0.55) (layers F.Cu F.Paste F.Mask)
      (net 32 /B1_In))
    (pad 17 smd rect (at 4.25 2.8 180) (size 1.6 0.55) (layers F.Cu F.Paste F.Mask)
      (net 33 /B2_In))
    (pad 18 smd rect (at 4.25 2 180) (size 1.6 0.55) (layers F.Cu F.Paste F.Mask)
      (net 27 "Net-(IC1-Pad18)"))
    (pad 19 smd rect (at 4.25 1.2 180) (size 1.6 0.55) (layers F.Cu F.Paste F.Mask)
      (net 3 "Net-(C2-Pad1)"))
    (pad 20 smd rect (at 4.25 0.4 180) (size 1.6 0.55) (layers F.Cu F.Paste F.Mask)
      (net 2 GND))
    (pad 21 smd rect (at 4.25 -0.4 180) (size 1.6 0.55) (layers F.Cu F.Paste F.Mask)
      (net 28 "Net-(IC1-Pad21)"))
    (pad 22 smd rect (at 4.25 -1.2 180) (size 1.6 0.55) (layers F.Cu F.Paste F.Mask)
      (net 48 "Net-(IC1-Pad22)"))
    (pad 23 smd rect (at 4.25 -2 180) (size 1.6 0.55) (layers F.Cu F.Paste F.Mask)
      (net 49 "Net-(IC1-Pad23)"))
    (pad 24 smd rect (at 4.25 -2.8 180) (size 1.6 0.55) (layers F.Cu F.Paste F.Mask)
      (net 34 /B3_In))
    (pad 25 smd rect (at 2.8 -4.25 270) (size 1.6 0.55) (layers F.Cu F.Paste F.Mask)
      (net 35 /B4_In))
    (pad 26 smd rect (at 2 -4.25 270) (size 1.6 0.55) (layers F.Cu F.Paste F.Mask)
      (net 31 /LED_Driver1))
    (pad 27 smd rect (at 1.2 -4.25 270) (size 1.6 0.55) (layers F.Cu F.Paste F.Mask)
      (net 30 /LED_Driver2))
    (pad 28 smd rect (at 0.4 -4.25 270) (size 1.6 0.55) (layers F.Cu F.Paste F.Mask)
      (net 29 /LED_Driver3))
    (pad 29 smd rect (at -0.4 -4.25 270) (size 1.6 0.55) (layers F.Cu F.Paste F.Mask)
      (net 47 "Net-(IC1-Pad29)"))
    (pad 30 smd rect (at -1.2 -4.25 270) (size 1.6 0.55) (layers F.Cu F.Paste F.Mask)
      (net 36 "Net-(IC1-Pad30)"))
    (pad 31 smd rect (at -2 -4.25 270) (size 1.6 0.55) (layers F.Cu F.Paste F.Mask)
      (net 37 /RESET))
    (pad 32 smd rect (at -2.8 -4.25 270) (size 1.6 0.55) (layers F.Cu F.Paste F.Mask)
      (net 38 "Net-(IC1-Pad32)"))
    (model Housings_QFP.3dshapes/TQFP-32_7x7mm_Pitch0.8mm.wrl
      (at (xyz 0 0 0))
      (scale (xyz 1 1 1))
      (rotate (xyz 0 0 0))
    )
  )

  (module footprints:C_0805_OEM (layer F.Cu) (tedit 5C05E66E) (tstamp 5C0CC370)
    (at 58.0136 36.6268 270)
    (descr "Capacitor SMD 0805, reflow soldering, AVX (see smccp.pdf)")
    (tags "capacitor 0805")
    (path /59E06957)
    (attr smd)
    (fp_text reference C1 (at 1.6764 1.4732 90) (layer F.SilkS)
      (effects (font (size 0.8128 0.8128) (thickness 0.127)))
    )
    (fp_text value C_0.1uF (at 0 1.75 270) (layer F.Fab) hide
      (effects (font (size 1 1) (thickness 0.15)))
    )
    (fp_line (start -1 0.62) (end -1 -0.62) (layer F.Fab) (width 0.1))
    (fp_line (start 1 0.62) (end -1 0.62) (layer F.Fab) (width 0.1))
    (fp_line (start 1 -0.62) (end 1 0.62) (layer F.Fab) (width 0.1))
    (fp_line (start -1 -0.62) (end 1 -0.62) (layer F.Fab) (width 0.1))
    (fp_line (start 0.5 -0.85) (end -0.5 -0.85) (layer F.SilkS) (width 0.12))
    (fp_line (start -0.5 0.85) (end 0.5 0.85) (layer F.SilkS) (width 0.12))
    (fp_line (start -1.75 -0.88) (end 1.75 -0.88) (layer F.CrtYd) (width 0.05))
    (fp_line (start -1.75 -0.88) (end -1.75 0.87) (layer F.CrtYd) (width 0.05))
    (fp_line (start 1.75 0.87) (end 1.75 -0.88) (layer F.CrtYd) (width 0.05))
    (fp_line (start 1.75 0.87) (end -1.75 0.87) (layer F.CrtYd) (width 0.05))
    (pad 1 smd rect (at -1 0 270) (size 1 1.25) (layers F.Cu F.Paste F.Mask)
      (net 1 VCC))
    (pad 2 smd rect (at 1 0 270) (size 1 1.25) (layers F.Cu F.Paste F.Mask)
      (net 2 GND))
    (model /home/josh/Formula/OEM_Preferred_Parts/3DModels/C_0805_OEM/C_0805.wrl
      (at (xyz 0 0 0))
      (scale (xyz 1 1 1))
      (rotate (xyz 0 0 0))
    )
  )

  (module footprints:C_0805_OEM (layer F.Cu) (tedit 5C05E438) (tstamp 5C0CEE2E)
    (at 43.815 34.798 90)
    (descr "Capacitor SMD 0805, reflow soldering, AVX (see smccp.pdf)")
    (tags "capacitor 0805")
    (path /59E06E67)
    (attr smd)
    (fp_text reference C2 (at 2.4892 0.0508 180) (layer F.SilkS)
      (effects (font (size 0.8128 0.8128) (thickness 0.127)))
    )
    (fp_text value C_100pF (at 0 1.75 90) (layer F.Fab) hide
      (effects (font (size 1 1) (thickness 0.15)))
    )
    (fp_line (start -1 0.62) (end -1 -0.62) (layer F.Fab) (width 0.1))
    (fp_line (start 1 0.62) (end -1 0.62) (layer F.Fab) (width 0.1))
    (fp_line (start 1 -0.62) (end 1 0.62) (layer F.Fab) (width 0.1))
    (fp_line (start -1 -0.62) (end 1 -0.62) (layer F.Fab) (width 0.1))
    (fp_line (start 0.5 -0.85) (end -0.5 -0.85) (layer F.SilkS) (width 0.12))
    (fp_line (start -0.5 0.85) (end 0.5 0.85) (layer F.SilkS) (width 0.12))
    (fp_line (start -1.75 -0.88) (end 1.75 -0.88) (layer F.CrtYd) (width 0.05))
    (fp_line (start -1.75 -0.88) (end -1.75 0.87) (layer F.CrtYd) (width 0.05))
    (fp_line (start 1.75 0.87) (end 1.75 -0.88) (layer F.CrtYd) (width 0.05))
    (fp_line (start 1.75 0.87) (end -1.75 0.87) (layer F.CrtYd) (width 0.05))
    (pad 1 smd rect (at -1 0 90) (size 1 1.25) (layers F.Cu F.Paste F.Mask)
      (net 3 "Net-(C2-Pad1)"))
    (pad 2 smd rect (at 1 0 90) (size 1 1.25) (layers F.Cu F.Paste F.Mask)
      (net 2 GND))
    (model /home/josh/Formula/OEM_Preferred_Parts/3DModels/C_0805_OEM/C_0805.wrl
      (at (xyz 0 0 0))
      (scale (xyz 1 1 1))
      (rotate (xyz 0 0 0))
    )
  )

  (module footprints:C_1206_OEM (layer F.Cu) (tedit 59F253AA) (tstamp 5C0B8432)
    (at 73.9648 27.7876 90)
    (descr "Capacitor SMD 1206, reflow soldering, AVX (see smccp.pdf)")
    (tags "capacitor 1206")
    (path /59E04907)
    (attr smd)
    (fp_text reference C3 (at 1.4224 -1.7018 90) (layer F.SilkS)
      (effects (font (size 1 1) (thickness 0.15)))
    )
    (fp_text value C_22uF (at 0 2 90) (layer F.Fab) hide
      (effects (font (size 1 1) (thickness 0.15)))
    )
    (fp_line (start -1.6 0.8) (end -1.6 -0.8) (layer F.Fab) (width 0.1))
    (fp_line (start 1.6 0.8) (end -1.6 0.8) (layer F.Fab) (width 0.1))
    (fp_line (start 1.6 -0.8) (end 1.6 0.8) (layer F.Fab) (width 0.1))
    (fp_line (start -1.6 -0.8) (end 1.6 -0.8) (layer F.Fab) (width 0.1))
    (fp_line (start 1 -1.02) (end -1 -1.02) (layer F.SilkS) (width 0.12))
    (fp_line (start -1 1.02) (end 1 1.02) (layer F.SilkS) (width 0.12))
    (fp_line (start -2.25 -1.05) (end 2.25 -1.05) (layer F.CrtYd) (width 0.05))
    (fp_line (start -2.25 -1.05) (end -2.25 1.05) (layer F.CrtYd) (width 0.05))
    (fp_line (start 2.25 1.05) (end 2.25 -1.05) (layer F.CrtYd) (width 0.05))
    (fp_line (start 2.25 1.05) (end -2.25 1.05) (layer F.CrtYd) (width 0.05))
    (pad 1 smd rect (at -1.5 0 90) (size 1 1.6) (layers F.Cu F.Paste F.Mask)
      (net 4 /12V_Fused))
    (pad 2 smd rect (at 1.5 0 90) (size 1 1.6) (layers F.Cu F.Paste F.Mask)
      (net 2 GND))
    (model Capacitors_SMD.3dshapes/C_1206.wrl
      (at (xyz 0 0 0))
      (scale (xyz 1 1 1))
      (rotate (xyz 0 0 0))
    )
  )

  (module footprints:C_0805_OEM (layer F.Cu) (tedit 5C05E47F) (tstamp 5C0B8442)
    (at 68.5292 41.8686 90)
    (descr "Capacitor SMD 0805, reflow soldering, AVX (see smccp.pdf)")
    (tags "capacitor 0805")
    (path /59E068FA)
    (attr smd)
    (fp_text reference C4 (at -2.5306 0 180) (layer F.SilkS)
      (effects (font (size 0.8128 0.8128) (thickness 0.127)))
    )
    (fp_text value C_0.1uF (at 0 1.75 90) (layer F.Fab) hide
      (effects (font (size 1 1) (thickness 0.15)))
    )
    (fp_line (start 1.75 0.87) (end -1.75 0.87) (layer F.CrtYd) (width 0.05))
    (fp_line (start 1.75 0.87) (end 1.75 -0.88) (layer F.CrtYd) (width 0.05))
    (fp_line (start -1.75 -0.88) (end -1.75 0.87) (layer F.CrtYd) (width 0.05))
    (fp_line (start -1.75 -0.88) (end 1.75 -0.88) (layer F.CrtYd) (width 0.05))
    (fp_line (start -0.5 0.85) (end 0.5 0.85) (layer F.SilkS) (width 0.12))
    (fp_line (start 0.5 -0.85) (end -0.5 -0.85) (layer F.SilkS) (width 0.12))
    (fp_line (start -1 -0.62) (end 1 -0.62) (layer F.Fab) (width 0.1))
    (fp_line (start 1 -0.62) (end 1 0.62) (layer F.Fab) (width 0.1))
    (fp_line (start 1 0.62) (end -1 0.62) (layer F.Fab) (width 0.1))
    (fp_line (start -1 0.62) (end -1 -0.62) (layer F.Fab) (width 0.1))
    (pad 2 smd rect (at 1 0 90) (size 1 1.25) (layers F.Cu F.Paste F.Mask)
      (net 2 GND))
    (pad 1 smd rect (at -1 0 90) (size 1 1.25) (layers F.Cu F.Paste F.Mask)
      (net 1 VCC))
    (model /home/josh/Formula/OEM_Preferred_Parts/3DModels/C_0805_OEM/C_0805.wrl
      (at (xyz 0 0 0))
      (scale (xyz 1 1 1))
      (rotate (xyz 0 0 0))
    )
  )

  (module footprints:C_0805_OEM (layer F.Cu) (tedit 59F250E7) (tstamp 5C0B8452)
    (at 69.9864 29.0576)
    (descr "Capacitor SMD 0805, reflow soldering, AVX (see smccp.pdf)")
    (tags "capacitor 0805")
    (path /59E048C8)
    (attr smd)
    (fp_text reference C5 (at 0.397 -1.5748) (layer F.SilkS)
      (effects (font (size 1 1) (thickness 0.15)))
    )
    (fp_text value C_0.1uF (at 0 1.75) (layer F.Fab) hide
      (effects (font (size 1 1) (thickness 0.15)))
    )
    (fp_line (start 1.75 0.87) (end -1.75 0.87) (layer F.CrtYd) (width 0.05))
    (fp_line (start 1.75 0.87) (end 1.75 -0.88) (layer F.CrtYd) (width 0.05))
    (fp_line (start -1.75 -0.88) (end -1.75 0.87) (layer F.CrtYd) (width 0.05))
    (fp_line (start -1.75 -0.88) (end 1.75 -0.88) (layer F.CrtYd) (width 0.05))
    (fp_line (start -0.5 0.85) (end 0.5 0.85) (layer F.SilkS) (width 0.12))
    (fp_line (start 0.5 -0.85) (end -0.5 -0.85) (layer F.SilkS) (width 0.12))
    (fp_line (start -1 -0.62) (end 1 -0.62) (layer F.Fab) (width 0.1))
    (fp_line (start 1 -0.62) (end 1 0.62) (layer F.Fab) (width 0.1))
    (fp_line (start 1 0.62) (end -1 0.62) (layer F.Fab) (width 0.1))
    (fp_line (start -1 0.62) (end -1 -0.62) (layer F.Fab) (width 0.1))
    (pad 2 smd rect (at 1 0) (size 1 1.25) (layers F.Cu F.Paste F.Mask)
      (net 5 "Net-(C5-Pad2)"))
    (pad 1 smd rect (at -1 0) (size 1 1.25) (layers F.Cu F.Paste F.Mask)
      (net 6 "Net-(C5-Pad1)"))
    (model /home/josh/Formula/OEM_Preferred_Parts/3DModels/C_0805_OEM/C_0805.wrl
      (at (xyz 0 0 0))
      (scale (xyz 1 1 1))
      (rotate (xyz 0 0 0))
    )
  )

  (module footprints:C_0805_OEM (layer F.Cu) (tedit 59F250E7) (tstamp 5C0B8462)
    (at 53.7464 26.0858)
    (descr "Capacitor SMD 0805, reflow soldering, AVX (see smccp.pdf)")
    (tags "capacitor 0805")
    (path /59E06F43)
    (attr smd)
    (fp_text reference C6 (at -2.413 -0.1016 90) (layer F.SilkS)
      (effects (font (size 1 1) (thickness 0.15)))
    )
    (fp_text value C_30pF (at 0 1.75) (layer F.Fab) hide
      (effects (font (size 1 1) (thickness 0.15)))
    )
    (fp_line (start -1 0.62) (end -1 -0.62) (layer F.Fab) (width 0.1))
    (fp_line (start 1 0.62) (end -1 0.62) (layer F.Fab) (width 0.1))
    (fp_line (start 1 -0.62) (end 1 0.62) (layer F.Fab) (width 0.1))
    (fp_line (start -1 -0.62) (end 1 -0.62) (layer F.Fab) (width 0.1))
    (fp_line (start 0.5 -0.85) (end -0.5 -0.85) (layer F.SilkS) (width 0.12))
    (fp_line (start -0.5 0.85) (end 0.5 0.85) (layer F.SilkS) (width 0.12))
    (fp_line (start -1.75 -0.88) (end 1.75 -0.88) (layer F.CrtYd) (width 0.05))
    (fp_line (start -1.75 -0.88) (end -1.75 0.87) (layer F.CrtYd) (width 0.05))
    (fp_line (start 1.75 0.87) (end 1.75 -0.88) (layer F.CrtYd) (width 0.05))
    (fp_line (start 1.75 0.87) (end -1.75 0.87) (layer F.CrtYd) (width 0.05))
    (pad 1 smd rect (at -1 0) (size 1 1.25) (layers F.Cu F.Paste F.Mask)
      (net 7 "Net-(C6-Pad1)"))
    (pad 2 smd rect (at 1 0) (size 1 1.25) (layers F.Cu F.Paste F.Mask)
      (net 2 GND))
    (model /home/josh/Formula/OEM_Preferred_Parts/3DModels/C_0805_OEM/C_0805.wrl
      (at (xyz 0 0 0))
      (scale (xyz 1 1 1))
      (rotate (xyz 0 0 0))
    )
  )

  (module footprints:C_0805_OEM (layer F.Cu) (tedit 5C00C450) (tstamp 5C0B8472)
    (at 60.0519 35.617206 270)
    (descr "Capacitor SMD 0805, reflow soldering, AVX (see smccp.pdf)")
    (tags "capacitor 0805")
    (path /59E0494E)
    (attr smd)
    (fp_text reference C7 (at 2.330394 0.0571) (layer F.SilkS)
      (effects (font (size 0.762 0.762) (thickness 0.1016)))
    )
    (fp_text value C_47uF (at 0 1.75 270) (layer F.Fab) hide
      (effects (font (size 1 1) (thickness 0.15)))
    )
    (fp_line (start -1 0.62) (end -1 -0.62) (layer F.Fab) (width 0.1))
    (fp_line (start 1 0.62) (end -1 0.62) (layer F.Fab) (width 0.1))
    (fp_line (start 1 -0.62) (end 1 0.62) (layer F.Fab) (width 0.1))
    (fp_line (start -1 -0.62) (end 1 -0.62) (layer F.Fab) (width 0.1))
    (fp_line (start 0.5 -0.85) (end -0.5 -0.85) (layer F.SilkS) (width 0.12))
    (fp_line (start -0.5 0.85) (end 0.5 0.85) (layer F.SilkS) (width 0.12))
    (fp_line (start -1.75 -0.88) (end 1.75 -0.88) (layer F.CrtYd) (width 0.05))
    (fp_line (start -1.75 -0.88) (end -1.75 0.87) (layer F.CrtYd) (width 0.05))
    (fp_line (start 1.75 0.87) (end 1.75 -0.88) (layer F.CrtYd) (width 0.05))
    (fp_line (start 1.75 0.87) (end -1.75 0.87) (layer F.CrtYd) (width 0.05))
    (pad 1 smd rect (at -1 0 270) (size 1 1.25) (layers F.Cu F.Paste F.Mask)
      (net 8 "Net-(C11-Pad1)"))
    (pad 2 smd rect (at 1 0 270) (size 1 1.25) (layers F.Cu F.Paste F.Mask)
      (net 2 GND))
    (model /home/josh/Formula/OEM_Preferred_Parts/3DModels/C_0805_OEM/C_0805.wrl
      (at (xyz 0 0 0))
      (scale (xyz 1 1 1))
      (rotate (xyz 0 0 0))
    )
  )

  (module footprints:C_0805_OEM (layer F.Cu) (tedit 59F250E7) (tstamp 5C0B8482)
    (at 54.7624 29.1084 90)
    (descr "Capacitor SMD 0805, reflow soldering, AVX (see smccp.pdf)")
    (tags "capacitor 0805")
    (path /59E06ED0)
    (attr smd)
    (fp_text reference C8 (at 0 1.6256 90) (layer F.SilkS)
      (effects (font (size 1 1) (thickness 0.15)))
    )
    (fp_text value C_30pF (at 0 1.75 90) (layer F.Fab) hide
      (effects (font (size 1 1) (thickness 0.15)))
    )
    (fp_line (start 1.75 0.87) (end -1.75 0.87) (layer F.CrtYd) (width 0.05))
    (fp_line (start 1.75 0.87) (end 1.75 -0.88) (layer F.CrtYd) (width 0.05))
    (fp_line (start -1.75 -0.88) (end -1.75 0.87) (layer F.CrtYd) (width 0.05))
    (fp_line (start -1.75 -0.88) (end 1.75 -0.88) (layer F.CrtYd) (width 0.05))
    (fp_line (start -0.5 0.85) (end 0.5 0.85) (layer F.SilkS) (width 0.12))
    (fp_line (start 0.5 -0.85) (end -0.5 -0.85) (layer F.SilkS) (width 0.12))
    (fp_line (start -1 -0.62) (end 1 -0.62) (layer F.Fab) (width 0.1))
    (fp_line (start 1 -0.62) (end 1 0.62) (layer F.Fab) (width 0.1))
    (fp_line (start 1 0.62) (end -1 0.62) (layer F.Fab) (width 0.1))
    (fp_line (start -1 0.62) (end -1 -0.62) (layer F.Fab) (width 0.1))
    (pad 2 smd rect (at 1 0 90) (size 1 1.25) (layers F.Cu F.Paste F.Mask)
      (net 2 GND))
    (pad 1 smd rect (at -1 0 90) (size 1 1.25) (layers F.Cu F.Paste F.Mask)
      (net 9 "Net-(C8-Pad1)"))
    (model /home/josh/Formula/OEM_Preferred_Parts/3DModels/C_0805_OEM/C_0805.wrl
      (at (xyz 0 0 0))
      (scale (xyz 1 1 1))
      (rotate (xyz 0 0 0))
    )
  )

  (module footprints:C_0805_OEM (layer F.Cu) (tedit 5C087AA5) (tstamp 5C0B8492)
    (at 61.9569 35.617206 270)
    (descr "Capacitor SMD 0805, reflow soldering, AVX (see smccp.pdf)")
    (tags "capacitor 0805")
    (path /5A79269E)
    (attr smd)
    (fp_text reference C11 (at 2.355794 0.0063) (layer F.SilkS)
      (effects (font (size 0.8128 0.8128) (thickness 0.127)))
    )
    (fp_text value C_1uF (at 0 1.75 270) (layer F.Fab) hide
      (effects (font (size 1 1) (thickness 0.15)))
    )
    (fp_line (start -1 0.62) (end -1 -0.62) (layer F.Fab) (width 0.1))
    (fp_line (start 1 0.62) (end -1 0.62) (layer F.Fab) (width 0.1))
    (fp_line (start 1 -0.62) (end 1 0.62) (layer F.Fab) (width 0.1))
    (fp_line (start -1 -0.62) (end 1 -0.62) (layer F.Fab) (width 0.1))
    (fp_line (start 0.5 -0.85) (end -0.5 -0.85) (layer F.SilkS) (width 0.12))
    (fp_line (start -0.5 0.85) (end 0.5 0.85) (layer F.SilkS) (width 0.12))
    (fp_line (start -1.75 -0.88) (end 1.75 -0.88) (layer F.CrtYd) (width 0.05))
    (fp_line (start -1.75 -0.88) (end -1.75 0.87) (layer F.CrtYd) (width 0.05))
    (fp_line (start 1.75 0.87) (end 1.75 -0.88) (layer F.CrtYd) (width 0.05))
    (fp_line (start 1.75 0.87) (end -1.75 0.87) (layer F.CrtYd) (width 0.05))
    (pad 1 smd rect (at -1 0 270) (size 1 1.25) (layers F.Cu F.Paste F.Mask)
      (net 8 "Net-(C11-Pad1)"))
    (pad 2 smd rect (at 1 0 270) (size 1 1.25) (layers F.Cu F.Paste F.Mask)
      (net 2 GND))
    (model /home/josh/Formula/OEM_Preferred_Parts/3DModels/C_0805_OEM/C_0805.wrl
      (at (xyz 0 0 0))
      (scale (xyz 1 1 1))
      (rotate (xyz 0 0 0))
    )
  )

  (module footprints:C_0805_OEM (layer F.Cu) (tedit 5C087AB7) (tstamp 5C0B84A2)
    (at 63.8619 35.601206 270)
    (descr "Capacitor SMD 0805, reflow soldering, AVX (see smccp.pdf)")
    (tags "capacitor 0805")
    (path /5A79252F)
    (attr smd)
    (fp_text reference C12 (at 2.320994 -0.2731) (layer F.SilkS)
      (effects (font (size 0.8128 0.8128) (thickness 0.1016)))
    )
    (fp_text value C_0.1uF (at 0 1.75 270) (layer F.Fab) hide
      (effects (font (size 1 1) (thickness 0.15)))
    )
    (fp_line (start 1.75 0.87) (end -1.75 0.87) (layer F.CrtYd) (width 0.05))
    (fp_line (start 1.75 0.87) (end 1.75 -0.88) (layer F.CrtYd) (width 0.05))
    (fp_line (start -1.75 -0.88) (end -1.75 0.87) (layer F.CrtYd) (width 0.05))
    (fp_line (start -1.75 -0.88) (end 1.75 -0.88) (layer F.CrtYd) (width 0.05))
    (fp_line (start -0.5 0.85) (end 0.5 0.85) (layer F.SilkS) (width 0.12))
    (fp_line (start 0.5 -0.85) (end -0.5 -0.85) (layer F.SilkS) (width 0.12))
    (fp_line (start -1 -0.62) (end 1 -0.62) (layer F.Fab) (width 0.1))
    (fp_line (start 1 -0.62) (end 1 0.62) (layer F.Fab) (width 0.1))
    (fp_line (start 1 0.62) (end -1 0.62) (layer F.Fab) (width 0.1))
    (fp_line (start -1 0.62) (end -1 -0.62) (layer F.Fab) (width 0.1))
    (pad 2 smd rect (at 1 0 270) (size 1 1.25) (layers F.Cu F.Paste F.Mask)
      (net 2 GND))
    (pad 1 smd rect (at -1 0 270) (size 1 1.25) (layers F.Cu F.Paste F.Mask)
      (net 8 "Net-(C11-Pad1)"))
    (model /home/josh/Formula/OEM_Preferred_Parts/3DModels/C_0805_OEM/C_0805.wrl
      (at (xyz 0 0 0))
      (scale (xyz 1 1 1))
      (rotate (xyz 0 0 0))
    )
  )

  (module footprints:LED_0805_OEM (layer F.Cu) (tedit 5C087C79) (tstamp 5C0B84BB)
    (at 69.5452 36.4744 90)
    (descr "LED 0805 smd package")
    (tags "LED led 0805 SMD smd SMT smt smdled SMDLED smtled SMTLED")
    (path /59E047E3)
    (attr smd)
    (fp_text reference D1 (at -2.7178 -1.016 270) (layer F.SilkS) hide
      (effects (font (size 0.8128 0.8128) (thickness 0.127)))
    )
    (fp_text value LED_0805 (at 0.508 2.032 90) (layer F.Fab) hide
      (effects (font (size 1 1) (thickness 0.15)))
    )
    (fp_line (start -0.2 0.35) (end -0.2 0) (layer F.SilkS) (width 0.1))
    (fp_line (start -0.2 0) (end -0.2 -0.35) (layer F.SilkS) (width 0.1))
    (fp_line (start 0.15 0.35) (end -0.2 0) (layer F.SilkS) (width 0.1))
    (fp_line (start 0.15 0.3) (end 0.15 0.35) (layer F.SilkS) (width 0.1))
    (fp_line (start 0.15 0.35) (end 0.15 0.3) (layer F.SilkS) (width 0.1))
    (fp_line (start 0.15 -0.35) (end 0.15 0.3) (layer F.SilkS) (width 0.1))
    (fp_line (start 0.1 -0.3) (end 0.15 -0.35) (layer F.SilkS) (width 0.1))
    (fp_line (start -0.2 0) (end 0.1 -0.3) (layer F.SilkS) (width 0.1))
    (fp_line (start -1.8 -0.7) (end -1.8 0.7) (layer F.SilkS) (width 0.12))
    (fp_line (start 1 0.6) (end -1 0.6) (layer F.Fab) (width 0.1))
    (fp_line (start 1 -0.6) (end 1 0.6) (layer F.Fab) (width 0.1))
    (fp_line (start -1 -0.6) (end 1 -0.6) (layer F.Fab) (width 0.1))
    (fp_line (start -1 0.6) (end -1 -0.6) (layer F.Fab) (width 0.1))
    (fp_line (start -1.8 0.7) (end 1 0.7) (layer F.SilkS) (width 0.12))
    (fp_line (start -1.8 -0.7) (end 1 -0.7) (layer F.SilkS) (width 0.12))
    (fp_line (start 1.95 -0.85) (end 1.95 0.85) (layer F.CrtYd) (width 0.05))
    (fp_line (start 1.95 0.85) (end -1.95 0.85) (layer F.CrtYd) (width 0.05))
    (fp_line (start -1.95 0.85) (end -1.95 -0.85) (layer F.CrtYd) (width 0.05))
    (fp_line (start -1.95 -0.85) (end 1.95 -0.85) (layer F.CrtYd) (width 0.05))
    (pad 2 smd rect (at 1.1 0 270) (size 1.2 1.2) (layers F.Cu F.Paste F.Mask)
      (net 10 "Net-(D1-Pad2)"))
    (pad 1 smd rect (at -1.1 0 270) (size 1.2 1.2) (layers F.Cu F.Paste F.Mask)
      (net 2 GND))
    (model "/home/josh/Formula/OEM_Preferred_Parts/3DModels/LED_0805/LED 0805 Base GREEN001_sp.wrl"
      (at (xyz 0 0 0))
      (scale (xyz 1 1 1))
      (rotate (xyz 0 0 180))
    )
  )

  (module footprints:LED_0805_OEM (layer F.Cu) (tedit 5C087C3D) (tstamp 5C0B84D4)
    (at 58.2168 27.5336 270)
    (descr "LED 0805 smd package")
    (tags "LED led 0805 SMD smd SMT smt smdled SMDLED smtled SMTLED")
    (path /59E0483A)
    (attr smd)
    (fp_text reference D2 (at -0.508 1.7272 270) (layer F.SilkS) hide
      (effects (font (size 1 1) (thickness 0.15)))
    )
    (fp_text value LED_0805 (at 0.508 2.032 270) (layer F.Fab) hide
      (effects (font (size 1 1) (thickness 0.15)))
    )
    (fp_line (start -1.95 -0.85) (end 1.95 -0.85) (layer F.CrtYd) (width 0.05))
    (fp_line (start -1.95 0.85) (end -1.95 -0.85) (layer F.CrtYd) (width 0.05))
    (fp_line (start 1.95 0.85) (end -1.95 0.85) (layer F.CrtYd) (width 0.05))
    (fp_line (start 1.95 -0.85) (end 1.95 0.85) (layer F.CrtYd) (width 0.05))
    (fp_line (start -1.8 -0.7) (end 1 -0.7) (layer F.SilkS) (width 0.12))
    (fp_line (start -1.8 0.7) (end 1 0.7) (layer F.SilkS) (width 0.12))
    (fp_line (start -1 0.6) (end -1 -0.6) (layer F.Fab) (width 0.1))
    (fp_line (start -1 -0.6) (end 1 -0.6) (layer F.Fab) (width 0.1))
    (fp_line (start 1 -0.6) (end 1 0.6) (layer F.Fab) (width 0.1))
    (fp_line (start 1 0.6) (end -1 0.6) (layer F.Fab) (width 0.1))
    (fp_line (start -1.8 -0.7) (end -1.8 0.7) (layer F.SilkS) (width 0.12))
    (fp_line (start -0.2 0) (end 0.1 -0.3) (layer F.SilkS) (width 0.1))
    (fp_line (start 0.1 -0.3) (end 0.15 -0.35) (layer F.SilkS) (width 0.1))
    (fp_line (start 0.15 -0.35) (end 0.15 0.3) (layer F.SilkS) (width 0.1))
    (fp_line (start 0.15 0.35) (end 0.15 0.3) (layer F.SilkS) (width 0.1))
    (fp_line (start 0.15 0.3) (end 0.15 0.35) (layer F.SilkS) (width 0.1))
    (fp_line (start 0.15 0.35) (end -0.2 0) (layer F.SilkS) (width 0.1))
    (fp_line (start -0.2 0) (end -0.2 -0.35) (layer F.SilkS) (width 0.1))
    (fp_line (start -0.2 0.35) (end -0.2 0) (layer F.SilkS) (width 0.1))
    (pad 1 smd rect (at -1.1 0 90) (size 1.2 1.2) (layers F.Cu F.Paste F.Mask)
      (net 2 GND))
    (pad 2 smd rect (at 1.1 0 90) (size 1.2 1.2) (layers F.Cu F.Paste F.Mask)
      (net 11 "Net-(D2-Pad2)"))
    (model "/home/josh/Formula/OEM_Preferred_Parts/3DModels/LED_0805/LED 0805 Base GREEN001_sp.wrl"
      (at (xyz 0 0 0))
      (scale (xyz 1 1 1))
      (rotate (xyz 0 0 180))
    )
  )

  (module footprints:LED_0805_OEM (layer F.Cu) (tedit 5C05E2FF) (tstamp 5C01CFF9)
    (at 43.2484 30.1244)
    (descr "LED 0805 smd package")
    (tags "LED led 0805 SMD smd SMT smt smdled SMDLED smtled SMTLED")
    (path /5B7E1479)
    (attr smd)
    (fp_text reference D4 (at -2.5068 -0.381 90) (layer F.SilkS)
      (effects (font (size 0.8128 0.8128) (thickness 0.1016)))
    )
    (fp_text value LED_0805 (at 0.508 2.032) (layer F.Fab) hide
      (effects (font (size 1 1) (thickness 0.15)))
    )
    (fp_line (start -0.2 0.35) (end -0.2 0) (layer F.SilkS) (width 0.1))
    (fp_line (start -0.2 0) (end -0.2 -0.35) (layer F.SilkS) (width 0.1))
    (fp_line (start 0.15 0.35) (end -0.2 0) (layer F.SilkS) (width 0.1))
    (fp_line (start 0.15 0.3) (end 0.15 0.35) (layer F.SilkS) (width 0.1))
    (fp_line (start 0.15 0.35) (end 0.15 0.3) (layer F.SilkS) (width 0.1))
    (fp_line (start 0.15 -0.35) (end 0.15 0.3) (layer F.SilkS) (width 0.1))
    (fp_line (start 0.1 -0.3) (end 0.15 -0.35) (layer F.SilkS) (width 0.1))
    (fp_line (start -0.2 0) (end 0.1 -0.3) (layer F.SilkS) (width 0.1))
    (fp_line (start -1.8 -0.7) (end -1.8 0.7) (layer F.SilkS) (width 0.12))
    (fp_line (start 1 0.6) (end -1 0.6) (layer F.Fab) (width 0.1))
